10
551.87 -58.0866 97.6214 -30.8881 6.4603 -62.5028 22.8798 -74.4714 76.3708 -78.2558 
-50.8229 508.374 -42.1969 98.7995 -24.6962 40.0396 30.2786 40.9537 26.5968 64.7517 
-77.8576 58.2647 544.133 62.718 -75.2368 7.74364 14.7216 16.4059 -58.4411 -81.9347 
-40.6801 52.1906 -53.316 532.761 15.1645 -91.2579 24.7148 -16.4018 55.6164 91.6908 
-1.01096 -81.812 -98.144 73.3572 433.904 -16.2477 42.1892 21.7714 20.4347 53.7489 
4.81773 27.5975 -67.4863 30.2626 4.18599 355.87 -60.6903 6.3388 50.2736 -43.2111 
14.2604 -54.3227 -22.9545 10.9259 79.3624 8.09889 349.643 -20.5722 -11.6241 47.9075 
-2.59325 37.4134 -40.1503 10.8594 16.6991 -4.88902 15.6476 333.344 -86.2241 -25.6478 
-78.8923 73.3409 87.0308 -6.33167 -85.9727 -12.7182 -16.4034 25.191 561.484 89.6451 
61.6545 9.76243 -7.26746 43.1242 -90.7407 47.8823 -29.3205 39.3321 -23.5146 376.084 
-268.541 2777.76 481.204 3022.32 3097.29 1780.98 2983.24 1793.17 5833.9 3724.09 
